Fig 5 data
305
   0.860000000000000   1.470000000000000
   0.846730000000000   1.525080000000000
   0.838213000000000   1.581100000000000
   0.834510000000000   1.637640000000000
   0.835650000000000   1.694280000000000
   0.841620000000000   1.750600000000000
   0.852379000000000   1.806210000000000
   0.867850000000000   1.860710000000000
   0.887934000000000   1.913740000000000
   0.912648000000000   1.965230000000000
   0.941680000000000   2.014430000000000
   0.974765000000000   2.060890000000000
   1.011630000000000   2.104250000000000
   1.052040000000000   2.144230000000000
   1.095540000000000   2.180390000000000
   1.141710000000000   2.212420000000000
   1.190000000000000   2.240000000000000
   1.260660000000000   2.270860000000000
   1.334240000000000   2.292470000000000
   1.409950000000000   2.304620000000000
   1.486730000000000   2.307120000000000
   1.563390000000000   2.299950000000000
   1.639280000000000   2.283110000000000
   1.713500000000000   2.256720000000000
   1.785580000000000   2.220750000000000
   1.857590000000000   2.173310000000000
   1.924940000000000   2.116470000000000
   1.985910000000000   2.051470000000000
   2.039360000000000   1.979410000000000
   2.084280000000000   1.901540000000000
   2.119740000000000   1.819540000000000
   2.145130000000000   1.734970000000000
   2.160000000000000   1.650000000000000
   2.164020000000000   1.591610000000000
   2.162780000000000   1.534770000000000
   2.156360000000000   1.478850000000000
   2.144810000000000   1.423930000000000
   2.128140000000000   1.370100000000000
   2.106220000000000   1.317030000000000
   2.078920000000000   1.264730000000000
   2.045560000000000   1.212310000000000
   2.001310000000000   1.154110000000000
   1.949670000000000   1.096500000000000
   1.891610000000000   1.040980000000000
   1.827770000000000   0.988420000000000
   1.759370000000000   0.939980000000000
   1.687100000000000   0.896190000000000
   1.611820000000000   0.857630000000000
   1.535000000000000   0.825000000000000
   1.478690000000000   0.805220000000000
   1.422700000000000   0.789020000000000
   1.366580000000000   0.776210000000000
   1.310300000000000   0.766740000000000
   1.253520000000000   0.760560000000000
   1.196500000000000   0.757700000000000
   1.139350000000000   0.758180000000000
   1.081980000000000   0.762000000000000
   1.023370000000000   0.769330000000000
   0.964809000000000   0.780140000000000
   0.906639000000000   0.794380000000000
   0.849106000000000   0.812010000000000
   0.792600000000000   0.832910000000000
   0.737146000000000   0.857070000000000
   0.682912000000000   0.884450000000000
   0.630000000000000   0.915000000000000
   0.585466000000000   0.943900000000000
   0.542206000000000   0.975000000000000
   0.500533000000000   1.008080000000000
   0.460660000000000   1.042960000000000
   0.422805000000000   1.079440000000000
   0.387161000000000   1.117290000000000
   0.353884000000000   1.156300000000000
   0.323169000000000   1.196190000000000
   0.295559000000000   1.236070000000000
   0.270567000000000   1.276460000000000
   0.248165000000000   1.317320000000000
   0.228344000000000   1.358570000000000
   0.211013000000000   1.400340000000000
   0.196329000000000   1.442160000000000
   0.184309000000000   1.483840000000000
   0.175000000000000   1.525000000000000
   0.171025000000000   1.547460000000000
   0.167966000000000   1.569270000000000
   0.165736000000000   1.590950000000000
   0.164319000000000   1.612600000000000
   0.163710000000000   1.634030000000000
   0.163876000000000   1.656180000000000
   0.164844000000000   1.679310000000000
   0.166757000000000   1.705420000000000
   0.171102000000000   1.747720000000000
   0.177401000000000   1.796060000000000
   0.185389000000000   1.847510000000000
   0.194919000000000   1.900760000000000
   0.205673000000000   1.953880000000000
   0.217102000000000   2.004270000000000
   0.228852000000000   2.050680000000000
   0.240000000000000   2.090000000000000
   0.251056000000000   2.124070000000000
   0.262556000000000   2.154590000000000
   0.275256000000000   2.183790000000000
   0.289215000000000   2.211860000000000
   0.304767000000000   2.239480000000000
   0.322166000000000   2.267010000000000
   0.341609000000000   2.294700000000000
   0.364272000000000   2.324050000000000
   0.394242000000000   2.359730000000000
   0.429843000000000   2.399160000000000
   0.470846000000000   2.441750000000000
   0.517779000000000   2.487800000000000
   0.567389000000000   2.534120000000000
   0.625581000000000   2.586160000000000
   0.693073000000000   2.644390000000000
   0.795000000000000   2.730000000000000
   0.873246000000000   2.795720000000000
   0.925555000000000   2.840840000000000
   0.971505000000000   2.881900000000000
   1.011650000000000   2.919280000000000
   1.050500000000000   2.957150000000000
   1.086140000000000   2.993690000000000
   1.118930000000000   3.029160000000000
   1.149460000000000   3.064080000000000
   1.179020000000000   3.099960000000000
   1.206910000000000   3.136000000000000
   1.233370000000000   3.172480000000000
   1.258500000000000   3.209520000000000
   1.281960000000000   3.246530000000000
   1.304710000000000   3.285000000000000
   1.326960000000000   3.325320000000001
   1.350000000000000   3.370000000000000
   1.373850000000000   3.418940000000000
   1.400110000000000   3.475330000000000
   1.426850000000000   3.535210000000000
   1.453280000000000   3.596920000000000
   1.478660000000000   3.658720000000000
   1.501160000000000   3.716140000000000
   1.520380000000000   3.767910000000000
   1.534630000000000   3.808990000000000
   1.540410000000000   3.827200000000000
   1.544850000000000   3.842900000000000
   1.548670000000000   3.858490000000000
   1.551870000000000   3.873930000000000
   1.554560000000000   3.889810000000000
   1.556780000000000   3.906510000000000
   1.558560000000000   3.924380000000000
   1.560000000000000   3.945000000000000
   1.561420000000000   4.021267000000000
   1.557130000000000   4.101465000000000
   1.547060000000000   4.182874000000000
   1.531390000000000   4.263655000000000
   1.510410000000000   4.342253000000000
   1.485060000000000   4.415708000000000
   1.456170000000000   4.482501000000000
   1.425350000000000   4.540081000000000
   1.398290000000000   4.581233000000000
   1.370300000000000   4.615894000000000
   1.340520000000000   4.645681000000000
   1.309140000000000   4.670707000000000
   1.275340000000000   4.691672000000000
   1.240470000000000   4.707764000000000
   1.205120000000000   4.718884000000000
   1.170000000000000   4.725000000000000
   1.136810000000000   4.726195000000001
   1.104610000000000   4.722843000000000
   1.073420000000000   4.715012000000000
   1.043760000000000   4.702848000000000
   1.016760000000000   4.686983000000001
   0.991402000000000   4.666913000000000
   0.968116000000000   4.642878000000000
   0.944593000000000   4.611995000000000
   0.906414000000000   4.550003000000000
   0.864985000000000   4.469002000000000
   0.824679000000000   4.375446999999999
   0.786861000000000   4.271130000000000
   0.754553000000000   4.163855000000000
   0.728015000000000   4.054717000000000
   0.707913000000000   3.946620000000000
   0.695000000000000   3.845000000000000
   0.692155000000000   3.810250000000000
   0.690665000000000   3.780140000000000
   0.690281000000000   3.751640000000000
   0.690955000000000   3.724300000000000
   0.692677000000000   3.697350000000000
   0.695506000000000   3.669910000000000
   0.699448000000000   3.641980000000000
   0.705134000000000   3.609630000000000
   0.718847000000000   3.543060000000001
   0.737977000000000   3.460340000000000
   0.761230000000000   3.368290000000000
   0.788294000000000   3.268750000000000
   0.817163000000000   3.169270000000000
   0.847676000000000   3.070290000000000
   0.879091000000000   2.974180000000000
   0.910000000000000   2.885000000000000
   0.915465000000000   2.869810000000000
   0.919859000000000   2.857830000000000
   0.923938000000000   2.846950000000000
   0.927837000000000   2.836800000000000
   0.931835000000000   2.826640000000000
   0.935955000000000   2.816430000000000
   0.940241000000000   2.806050000000000
   0.945117000000000   2.794500000000000
   0.952516000000000   2.777300000000000
   0.961423000000000   2.756920000000000
   0.971618000000000   2.733910000000000
   0.983234000000000   2.707990000000000
   0.995312000000000   2.681330000000000
   1.009380000000000   2.650530000000000
   1.025610000000000   2.615250000000000
   1.050000000000000   2.562500000000000
   1.067680000000000   2.524270000000000
   1.079580000000000   2.498410000000000
   1.090130000000000   2.475310000000000
   1.099460000000000   2.454720000000000
   1.108640000000000   2.434290000000000
   1.117190000000000   2.415040000000000
   1.125190000000000   2.396840000000000
   1.132770000000000   2.379410000000000
   1.140010000000000   2.362560000000000
   1.147020000000000   2.346030000000000
   1.153940000000000   2.329520000000000
   1.160800000000000   2.312920000000000
   1.167510000000000   2.296490000000000
   1.174430000000000   2.279320000000000
   1.181730000000000   2.260990000000000
   1.190000000000000   2.240000000000000
   1.213200000000000   2.180210000000000
   1.237520000000000   2.116240000000000
   1.262080000000000   2.050380000000000
   1.286370000000000   1.983940000000000
   1.310040000000000   1.917900000000000
   1.332040000000000   1.855200000000000
   1.351960000000000   1.797080000000000
   1.368920000000000   1.746300000000000
   1.379500000000000   1.713680000000000
   1.388640000000000   1.684580000000000
   1.397120000000000   1.656580000000000
   1.405060000000000   1.629330000000000
   1.412760000000000   1.601790000000000
   1.420230000000000   1.573870000000000
   1.427560000000000   1.545310000000000
   1.435000000000000   1.515000000000000
   1.445930000000000   1.468210000000000
   1.456770000000000   1.418980000000000
   1.467280000000000   1.368440000000000
   1.477310000000000   1.317130000000000
   1.486720000000000   1.265820000000000
   1.495370000000000   1.215270000000000
   1.503180000000000   1.166040000000000
   1.510000000000000   1.119240000000000
   1.515090000000000   1.080880000000000
   1.519460000000000   1.044340000000000
   1.523250000000000   1.008500000000000
   1.526510000000000   0.973070000000000
   1.529260000000000   0.937850000000000
   1.531570000000000   0.901930000000000
   1.533460000000000   0.864930000000000
   1.535000000000000   0.825000000000000
   1.536540000000000   0.764450000000000
   1.537290000000000   0.700530000000000
   1.537180000000000   0.636680000000000
   1.536240000000000   0.574320000000000
   1.534460000000000   0.513080000000000
   1.532030000000000   0.458620000000000
   1.529070000000000   0.411310000000000
   1.526090000000000   0.376640000000000
   1.524610000000000   0.364380000000000
   1.522870000000000   0.353900000000000
   1.520630000000000   0.343570000000000
   1.517900000000000   0.333500000000000
   1.514600000000000   0.323400000000000
   1.510640000000000   0.313020000000000
   1.505930000000000   0.302210000000000
   1.500000000000000   0.290000000000000
   1.482810000000000   0.258990000000000
   1.461910000000000   0.226520000000000
   1.437930000000000   0.193890000000000
   1.411320000000000   0.161850000000000
   1.382800000000000   0.131310000000000
   1.353240000000000   0.103180000000000
   1.323350000000000   0.078030000000000
   1.294420000000000   0.056760000000000
   1.271950000000000   0.042470000000000
   1.250370000000000   0.030790000000000
   1.228810000000000   0.021130000000000
   1.207140000000000   0.013380000000000
   1.184890000000000   0.007350000000000
   1.162180000000000   0.003120000000000
   1.139000000000000   0.000670000000000
   1.115000000000000                   0
   1.072950000000000   0.003030000000000
   1.030630000000000   0.011310000000000
   0.989002000000000   0.024770000000000
   0.948775000000000   0.043220000000000
   0.910816000000000   0.066300000000000
   0.875595000000000   0.093750000000000
   0.843647000000000   0.125160000000000
   0.815519000000000   0.160020000000000
   0.791962000000000   0.197220000000000
   0.772841000000000   0.236780000000000
   0.758368000000000   0.278230000000000
   0.748727000000000   0.321040000000000
   0.744034000000000   0.364730000000000
   0.744363000000000   0.408670000000000
   0.749708000000000   0.452280000000000
   0.760000000000000   0.495000000000000
