fig 6 data
500
   0.012550168429689   0.000631372106159
   0.025003214018186   0.002522099473068
   0.037262464856121   0.005662029895660
   0.049232149022049   0.010034291804641
   0.060817839894611   0.015615367216768
   0.071926895867648   0.022375193449163
   0.082468892637588   0.030277293183627
   0.092356046262340   0.039278932351390
   0.101503625228005   0.049331305195425
   0.109830349803898   0.060379745756652
   0.117258777017514   0.072363964922564
   0.123715669638878   0.085218312072480
   0.129132347628039   0.098872060253132
   0.133445020570014   0.113249713722073
   0.136595099697975   0.128271336604771
   0.138529488187629   0.143852901324715
   0.139200848493172   0.159906655384581
   0.138567845587660   0.176341505000975
   0.136595365067648   0.193063414025713
   0.133254705183232   0.209975816523232
   0.128523741959673   0.226980041316997
   0.122387066685257   0.243975746767650
   0.114836095151515   0.260861364002570
   0.105869148145826   0.277534546780510
   0.095491502812526   0.293892626146237
   0.083715414616229   0.309833068008751
   0.070560109759893   0.325253931762800
   0.056051748029582   0.340054328067008
   0.040223356157543   0.354134873893171
   0.023114731914567   0.367398142970010
   0.004772319261191   0.379749109760940
  -0.014750944995296   0.391095585139162
  -0.035395812475440   0.401348641954462
  -0.057096931757680   0.410423028724486
  -0.079783083376842   0.418237569728664
  -0.103377440396202   0.424715549835372
  -0.127797853553897   0.429785082451982
  -0.152957159883981   0.433379459053025
  -0.178763513616305   0.435437478813502
  -0.205120738067899   0.435903756952130
  -0.231928697152152   0.434729010472676
  -0.259083685051050   0.431870320080255
  -0.286478832520472   0.427291367143125
  -0.314004528229247   0.420962644668754
  -0.341548853469765   0.412861641365425
  -0.368998028521507   0.402972997966874
  -0.396236868899261   0.391288635107141
  -0.423149249675185   0.377807852145377
  -0.449618576028386   0.362537396455473
  -0.475528258147577   0.345491502812526
  -0.500762188591594   0.326691902626877
  -0.525205220199381   0.306167802896338
  -0.548743642635360   0.283955834867702
  -0.571265655658059   0.260099972519300
  -0.592661837209406   0.234651421096719
  -0.612825604439165   0.207668476053373
  -0.631653665803607   0.179216352865875
  -0.649046462409450   0.149366988310798
  -0.664908596813416   0.118198813903705
  -0.679149247534131   0.085796502313129
  -0.691682567586436   0.052250687670769
  -0.702428065408298   0.017657660804304
  -0.711310966617108  -0.017880959479609
  -0.718262555105020  -0.054258577837746
  -0.723220492061818  -0.091363995241658
  -0.726129111598310  -0.129081801834419
  -0.726939691733066  -0.167292788307734
  -0.725610699600144  -0.205874374238535
  -0.722108009834879  -0.244701051754487
  -0.716405095198435  -0.283644842834458
  -0.708483188609332  -0.322575768493204
  -0.698331415860986  -0.361362328049635
  -0.685946898418139  -0.399871986635077
  -0.671334825801394  -0.437971669062280
  -0.654508497187474  -0.475528258147577
  -0.635489331972799  -0.512409095557700
  -0.614306849169101  -0.548482483239489
  -0.590998615621548  -0.583618183484986
  -0.565610163161757  -0.617687915686362
  -0.538194874929729  -0.650565847844713
  -0.508813841219497  -0.682129080913925
  -0.477535685322895  -0.712258124085545
  -0.444436359963608  -0.740837359152766
  -0.409598915029339  -0.767755492131148
  -0.373113237422817  -0.792905990360372
  -0.335075763962287  -0.816187503364995
  -0.295589168368387  -0.837504265812670
  -0.254762023476707  -0.856766480975308
  -0.212708439913317  -0.873890683171991
  -0.169547682563809  -0.888800077751789
  -0.125403766254511  -0.901424857259695
  -0.080405032147253  -0.911702492519304
  -0.034683706425911  -0.919577997461316
   0.011624557076262  -0.925004166627061
   0.058381148595063  -0.927941784380587
   0.105444986728316  -0.928359804971088
   0.152673013481283  -0.926235502699107
   0.199920698198496  -0.921554591554585
   0.247042548479438  -0.914311313812042
   0.293892626146236  -0.904508497187474
   0.340325066309824  -0.892157580282445
   0.386194597566874  -0.877278606162963
   0.431357061353374  -0.859900184043431
   0.475669928481853  -0.840059419168958
   0.518992810898180  -0.817801811111921
   0.561187966710391  -0.793181120820604
   0.602120796566048  -0.766259206878360
   0.641660329486296  -0.737105831550691
   0.679679696303711  -0.705798437314386
   0.716056588897244  -0.672421894676972
   0.750673703470762  -0.637068222205775
   0.783419166181821  -0.599836279793372
   0.814186939493891  -0.560831436289811
   0.842877207698353  -0.520165212731177
   0.869396740131599  -0.477954902488576
   0.893659230697440  -0.434323169750991
   0.915585612395253  -0.389397627839375
   0.935104345649647  -0.343310398927485
   0.952151679337414  -0.296197656817030
   0.966671883511921  -0.248199154480337
   0.978617452933273  -0.199457738142806
   0.987949280624349  -0.150118849729603
   0.994636800787546  -0.100330019546119
   0.998658100534430  -0.050240351099625
   1.000000000000000  -0.000000000000000
   0.998658100534430   0.050240351099624
   0.994636800787546   0.100330019546118
   0.987949280624348   0.150118849729603
   0.978617452933273   0.199457738142806
   0.966671883511921   0.248199154480335
   0.952151679337414   0.296197656817030
   0.935104345649647   0.343310398927485
   0.915585612395253   0.389397627839375
   0.893659230697440   0.434323169750992
   0.869396740131600   0.477954902488575
   0.842877207698353   0.520165212731176
   0.814186939493891   0.560831436289811
   0.783419166181821   0.599836279793372
   0.750673703470763   0.637068222205775
   0.716056588897244   0.672421894676972
   0.679679696303712   0.705798437314385
   0.641660329486296   0.737105831550691
   0.602120796566048   0.766259206878360
   0.561187966710391   0.793181120820604
   0.518992810898180   0.817801811111921
   0.475669928481852   0.840059419168958
   0.431357061353374   0.859900184043431
   0.386194597566875   0.877278606162963
   0.340325066309824   0.892157580282445
   0.293892626146237   0.904508497187474
   0.247042548479438   0.914311313812042
   0.199920698198496   0.921554591554585
   0.152673013481283   0.926235502699107
   0.105444986728317   0.928359804971088
   0.058381148595063   0.927941784380587
   0.011624557076263   0.925004166627061
  -0.034683706425910   0.919577997461316
  -0.080405032147253   0.911702492519304
  -0.125403766254510   0.901424857259695
  -0.169547682563810   0.888800077751789
  -0.212708439913317   0.873890683171992
  -0.254762023476706   0.856766480975309
  -0.295589168368387   0.837504265812670
  -0.335075763962286   0.816187503364996
  -0.373113237422816   0.792905990360373
  -0.409598915029340   0.767755492131148
  -0.444436359963608   0.740837359152766
  -0.477535685322895   0.712258124085545
  -0.508813841219498   0.682129080913925
  -0.538194874929729   0.650565847844713
  -0.565610163161757   0.617687915686362
  -0.590998615621548   0.583618183484986
  -0.614306849169101   0.548482483239490
  -0.635489331972798   0.512409095557700
  -0.654508497187474   0.475528258147577
  -0.671334825801394   0.437971669062282
  -0.685946898418140   0.399871986635077
  -0.698331415860987   0.361362328049635
  -0.708483188609332   0.322575768493205
  -0.716405095198435   0.283644842834458
  -0.722108009834879   0.244701051754487
  -0.725610699600144   0.205874374238535
  -0.726939691733066   0.167292788307735
  -0.726129111598310   0.129081801834419
  -0.723220492061819   0.091363995241659
  -0.718262555105020   0.054258577837747
  -0.711310966617108   0.017880959479608
  -0.702428065408298  -0.017657660804303
  -0.691682567586436  -0.052250687670769
  -0.679149247534131  -0.085796502313129
  -0.664908596813416  -0.118198813903704
  -0.649046462409450  -0.149366988310798
  -0.631653665803607  -0.179216352865875
  -0.612825604439166  -0.207668476053372
  -0.592661837209406  -0.234651421096719
  -0.571265655658059  -0.260099972519299
  -0.548743642635361  -0.283955834867701
  -0.525205220199381  -0.306167802896339
  -0.500762188591593  -0.326691902626878
  -0.475528258147577  -0.345491502812526
  -0.449618576028386  -0.362537396455473
  -0.423149249675185  -0.377807852145377
  -0.396236868899262  -0.391288635107141
  -0.368998028521507  -0.402972997966874
  -0.341548853469765  -0.412861641365425
  -0.314004528229248  -0.420962644668754
  -0.286478832520473  -0.427291367143125
  -0.259083685051050  -0.431870320080256
  -0.231928697152152  -0.434729010472676
  -0.205120738067899  -0.435903756952130
  -0.178763513616305  -0.435437478813502
  -0.152957159883982  -0.433379459053025
  -0.127797853553897  -0.429785082451982
  -0.103377440396202  -0.424715549835372
  -0.079783083376842  -0.418237569728664
  -0.057096931757681  -0.410423028724486
  -0.035395812475440  -0.401348641954462
  -0.014750944995297  -0.391095585139162
   0.004772319261191  -0.379749109760940
   0.023114731914567  -0.367398142970010
   0.040223356157543  -0.354134873893171
   0.056051748029582  -0.340054328067008
   0.070560109759893  -0.325253931762800
   0.083715414616229  -0.309833068008751
   0.095491502812526  -0.293892626146237
   0.105869148145826  -0.277534546780510
   0.114836095151515  -0.260861364002570
   0.122387066685257  -0.243975746767650
   0.128523741959673  -0.226980041316997
   0.133254705183232  -0.209975816523232
   0.136595365067648  -0.193063414025713
   0.138567845587660  -0.176341505000975
   0.139200848493172  -0.159906655384581
   0.138529488187629  -0.143852901324715
   0.136595099697975  -0.128271336604771
   0.133445020570014  -0.113249713722073
   0.129132347628040  -0.098872060253132
   0.123715669638878  -0.085218312072480
   0.117258777017514  -0.072363964922565
   0.109830349803898  -0.060379745756652
   0.101503625228005  -0.049331305195424
   0.092356046262340  -0.039278932351390
   0.082468892637588  -0.030277293183627
   0.071926895867648  -0.022375193449163
   0.060817839894612  -0.015615367216768
   0.049232149022049  -0.010034291804641
   0.037262464856121  -0.005662029895660
   0.025003214018186  -0.002522099473068
   0.012550168429690  -0.000631372106159
   0.000000000000000  -0.000000000000000
  -0.012550168429689  -0.000631372106159
  -0.025003214018186  -0.002522099473068
  -0.037262464856122  -0.005662029895660
  -0.049232149022049  -0.010034291804641
  -0.060817839894611  -0.015615367216768
  -0.071926895867648  -0.022375193449163
  -0.082468892637588  -0.030277293183627
  -0.092356046262340  -0.039278932351390
  -0.101503625228005  -0.049331305195425
  -0.109830349803897  -0.060379745756652
  -0.117258777017513  -0.072363964922564
  -0.123715669638878  -0.085218312072480
  -0.129132347628039  -0.098872060253132
  -0.133445020570014  -0.113249713722073
  -0.136595099697975  -0.128271336604771
  -0.138529488187629  -0.143852901324715
  -0.139200848493172  -0.159906655384581
  -0.138567845587660  -0.176341505000975
  -0.136595365067648  -0.193063414025712
  -0.133254705183233  -0.209975816523232
  -0.128523741959673  -0.226980041316997
  -0.122387066685257  -0.243975746767650
  -0.114836095151515  -0.260861364002570
  -0.105869148145826  -0.277534546780511
  -0.095491502812526  -0.293892626146236
  -0.083715414616230  -0.309833068008751
  -0.070560109759893  -0.325253931762800
  -0.056051748029582  -0.340054328067008
  -0.040223356157544  -0.354134873893171
  -0.023114731914567  -0.367398142970010
  -0.004772319261191  -0.379749109760940
   0.014750944995296  -0.391095585139161
   0.035395812475441  -0.401348641954463
   0.057096931757680  -0.410423028724486
   0.079783083376842  -0.418237569728664
   0.103377440396202  -0.424715549835372
   0.127797853553897  -0.429785082451982
   0.152957159883981  -0.433379459053025
   0.178763513616305  -0.435437478813502
   0.205120738067899  -0.435903756952130
   0.231928697152151  -0.434729010472676
   0.259083685051050  -0.431870320080256
   0.286478832520471  -0.427291367143125
   0.314004528229247  -0.420962644668754
   0.341548853469766  -0.412861641365424
   0.368998028521506  -0.402972997966874
   0.396236868899261  -0.391288635107141
   0.423149249675185  -0.377807852145376
   0.449618576028386  -0.362537396455474
   0.475528258147577  -0.345491502812527
   0.500762188591594  -0.326691902626877
   0.525205220199380  -0.306167802896339
   0.548743642635360  -0.283955834867703
   0.571265655658059  -0.260099972519300
   0.592661837209405  -0.234651421096719
   0.612825604439165  -0.207668476053372
   0.631653665803607  -0.179216352865875
   0.649046462409449  -0.149366988310798
   0.664908596813416  -0.118198813903705
   0.679149247534131  -0.085796502313129
   0.691682567586436  -0.052250687670770
   0.702428065408298  -0.017657660804304
   0.711310966617108   0.017880959479609
   0.718262555105020   0.054258577837745
   0.723220492061819   0.091363995241658
   0.726129111598310   0.129081801834420
   0.726939691733066   0.167292788307734
   0.725610699600144   0.205874374238534
   0.722108009834879   0.244701051754487
   0.716405095198434   0.283644842834459
   0.708483188609332   0.322575768493203
   0.698331415860987   0.361362328049634
   0.685946898418140   0.399871986635076
   0.671334825801395   0.437971669062280
   0.654508497187474   0.475528258147576
   0.635489331972799   0.512409095557700
   0.614306849169101   0.548482483239489
   0.590998615621549   0.583618183484984
   0.565610163161757   0.617687915686362
   0.538194874929730   0.650565847844711
   0.508813841219498   0.682129080913924
   0.477535685322893   0.712258124085546
   0.444436359963609   0.740837359152765
   0.409598915029339   0.767755492131148
   0.373113237422817   0.792905990360372
   0.335075763962287   0.816187503364995
   0.295589168368389   0.837504265812669
   0.254762023476705   0.856766480975309
   0.212708439913319   0.873890683171991
   0.169547682563810   0.888800077751789
   0.125403766254511   0.901424857259695
   0.080405032147253   0.911702492519304
   0.034683706425911   0.919577997461316
  -0.011624557076263   0.925004166627061
  -0.058381148595063   0.927941784380587
  -0.105444986728314   0.928359804971088
  -0.152673013481285   0.926235502699107
  -0.199920698198494   0.921554591554585
  -0.247042548479436   0.914311313812042
  -0.293892626146236   0.904508497187474
  -0.340325066309824   0.892157580282445
  -0.386194597566871   0.877278606162964
  -0.431357061353375   0.859900184043431
  -0.475669928481853   0.840059419168958
  -0.518992810898178   0.817801811111922
  -0.561187966710392   0.793181120820603
  -0.602120796566047   0.766259206878361
  -0.641660329486295   0.737105831550692
  -0.679679696303712   0.705798437314386
  -0.716056588897244   0.672421894676972
  -0.750673703470760   0.637068222205777
  -0.783419166181822   0.599836279793371
  -0.814186939493892   0.560831436289810
  -0.842877207698352   0.520165212731178
  -0.869396740131600   0.477954902488574
  -0.893659230697439   0.434323169750993
  -0.915585612395253   0.389397627839376
  -0.935104345649647   0.343310398927485
  -0.952151679337414   0.296197656817029
  -0.966671883511920   0.248199154480339
  -0.978617452933273   0.199457738142805
  -0.987949280624348   0.150118849729605
  -0.994636800787546   0.100330019546120
  -0.998658100534430   0.050240351099622
  -1.000000000000000   0.000000000000001
  -0.998658100534430  -0.050240351099624
  -0.994636800787546  -0.100330019546119
  -0.987949280624348  -0.150118849729604
  -0.978617452933273  -0.199457738142803
  -0.966671883511921  -0.248199154480337
  -0.952151679337415  -0.296197656817028
  -0.935104345649647  -0.343310398927484
  -0.915585612395254  -0.389397627839374
  -0.893659230697440  -0.434323169750991
  -0.869396740131599  -0.477954902488576
  -0.842877207698353  -0.520165212731177
  -0.814186939493891  -0.560831436289811
  -0.783419166181822  -0.599836279793370
  -0.750673703470761  -0.637068222205776
  -0.716056588897245  -0.672421894676971
  -0.679679696303713  -0.705798437314385
  -0.641660329486296  -0.737105831550691
  -0.602120796566048  -0.766259206878360
  -0.561187966710394  -0.793181120820602
  -0.518992810898179  -0.817801811111921
  -0.475669928481851  -0.840059419168959
  -0.431357061353376  -0.859900184043431
  -0.386194597566873  -0.877278606162963
  -0.340325066309825  -0.892157580282445
  -0.293892626146237  -0.904508497187474
  -0.247042548479438  -0.914311313812042
  -0.199920698198496  -0.921554591554585
  -0.152673013481286  -0.926235502699107
  -0.105444986728316  -0.928359804971088
  -0.058381148595065  -0.927941784380587
  -0.011624557076264  -0.925004166627061
   0.034683706425913  -0.919577997461316
   0.080405032147252  -0.911702492519304
   0.125403766254510  -0.901424857259696
   0.169547682563809  -0.888800077751789
   0.212708439913318  -0.873890683171991
   0.254762023476704  -0.856766480975310
   0.295589168368388  -0.837504265812669
   0.335075763962286  -0.816187503364996
   0.373113237422816  -0.792905990360373
   0.409598915029341  -0.767755492131147
   0.444436359963608  -0.740837359152766
   0.477535685322894  -0.712258124085545
   0.508813841219497  -0.682129080913925
   0.538194874929729  -0.650565847844712
   0.565610163161756  -0.617687915686363
   0.590998615621549  -0.583618183484985
   0.614306849169101  -0.548482483239490
   0.635489331972798  -0.512409095557701
   0.654508497187473  -0.475528258147577
   0.671334825801394  -0.437971669062281
   0.685946898418139  -0.399871986635077
   0.698331415860986  -0.361362328049635
   0.708483188609332  -0.322575768493204
   0.716405095198434  -0.283644842834460
   0.722108009834879  -0.244701051754486
   0.725610699600144  -0.205874374238536
   0.726939691733066  -0.167292788307735
   0.726129111598310  -0.129081801834420
   0.723220492061819  -0.091363995241658
   0.718262555105021  -0.054258577837749
   0.711310966617108  -0.017880959479609
   0.702428065408298   0.017657660804304
   0.691682567586436   0.052250687670767
   0.679149247534131   0.085796502313130
   0.664908596813416   0.118198813903704
   0.649046462409450   0.149366988310798
   0.631653665803607   0.179216352865875
   0.612825604439165   0.207668476053373
   0.592661837209407   0.234651421096718
   0.571265655658059   0.260099972519300
   0.548743642635361   0.283955834867701
   0.525205220199382   0.306167802896338
   0.500762188591593   0.326691902626878
   0.475528258147577   0.345491502812526
   0.449618576028387   0.362537396455473
   0.423149249675185   0.377807852145377
   0.396236868899261   0.391288635107141
   0.368998028521508   0.402972997966873
   0.341548853469764   0.412861641365425
   0.314004528229248   0.420962644668754
   0.286478832520473   0.427291367143125
   0.259083685051051   0.431870320080255
   0.231928697152152   0.434729010472676
   0.205120738067899   0.435903756952130
   0.178763513616305   0.435437478813502
   0.152957159883981   0.433379459053025
   0.127797853553898   0.429785082451983
   0.103377440396201   0.424715549835372
   0.079783083376843   0.418237569728664
   0.057096931757681   0.410423028724487
   0.035395812475441   0.401348641954463
   0.014750944995296   0.391095585139162
  -0.004772319261189   0.379749109760941
  -0.023114731914567   0.367398142970010
  -0.040223356157544   0.354134873893171
  -0.056051748029581   0.340054328067009
  -0.070560109759893   0.325253931762799
  -0.083715414616229   0.309833068008751
  -0.095491502812526   0.293892626146237
  -0.105869148145826   0.277534546780511
  -0.114836095151515   0.260861364002570
  -0.122387066685257   0.243975746767651
  -0.128523741959673   0.226980041316997
  -0.133254705183232   0.209975816523233
  -0.136595365067647   0.193063414025714
  -0.138567845587660   0.176341505000975
  -0.139200848493172   0.159906655384581
  -0.138529488187629   0.143852901324716
  -0.136595099697975   0.128271336604771
  -0.133445020570014   0.113249713722073
  -0.129132347628040   0.098872060253133
  -0.123715669638878   0.085218312072479
  -0.117258777017514   0.072363964922565
  -0.109830349803898   0.060379745756652
  -0.101503625228005   0.049331305195424
  -0.092356046262340   0.039278932351390
  -0.082468892637588   0.030277293183627
  -0.071926895867648   0.022375193449163
  -0.060817839894611   0.015615367216768
  -0.049232149022049   0.010034291804642
  -0.037262464856121   0.005662029895660
  -0.025003214018186   0.002522099473068
  -0.012550168429690   0.000631372106159
  -0.000000000000000   0.000000000000000

