# .dat format file
5	205
1.000000  -0.009500 0.000000  
0.990000  -0.006300 0.000000  
0.980000  -0.003200 0.000000  
0.970000  -0.000200 0.000000  
0.960000  0.002700  0.000000  
0.950000  0.005600  0.000000  
0.940000  0.008400  0.000000  
0.930000  0.011100  0.000000  
0.920000  0.013700  0.000000  
0.910000  0.016200  0.000000  
0.900000  0.018700  0.000000  
0.890000  0.021100  0.000000  
0.880000  0.023400  0.000000  
0.870000  0.025600  0.000000  
0.860000  0.027800  0.000000  
0.850000  0.029900  0.000000  
0.840000  0.031900  0.000000  
0.830000  0.033900  0.000000  
0.820000  0.035800  0.000000  
0.810000  0.037600  0.000000  
0.800000  0.039400  0.000000  
0.790000  0.041100  0.000000  
0.780000  0.042700  0.000000  
0.770000  0.044300  0.000000  
0.760000  0.045800  0.000000  
0.750000  0.047300  0.000000  
0.740000  0.048700  0.000000  
0.730000  0.050000  0.000000  
0.720000  0.051300  0.000000  
0.710000  0.052500  0.000000  
0.700000  0.053700  0.000000  
0.690000  0.054800  0.000000  
0.680000  0.055900  0.000000  
0.670000  0.056900  0.000000  
0.660000  0.057900  0.000000  
0.650000  0.058800  0.000000  
0.640000  0.059700  0.000000  
0.630000  0.060500  0.000000  
0.620000  0.061300  0.000000  
0.610000  0.062100  0.000000  
0.600000  0.062800  0.000000  
0.590000  0.063500  0.000000  
0.580000  0.064100  0.000000  
0.570000  0.064700  0.000000  
0.560000  0.065300  0.000000  
0.550000  0.065800  0.000000  
0.540000  0.066300  0.000000  
0.530000  0.066800  0.000000  
0.520000  0.067200  0.000000  
0.510000  0.067600  0.000000  
0.500000  0.068000  0.000000  
0.490000  0.068300  0.000000  
0.480000  0.068600  0.000000  
0.470000  0.068900  0.000000  
0.460000  0.069100  0.000000  
0.450000  0.069300  0.000000  
0.440000  0.069500  0.000000  
0.430000  0.069600  0.000000  
0.420000  0.069700  0.000000  
0.410000  0.069800  0.000000  
0.400000  0.069900  0.000000  
0.390000  0.069900  0.000000  
0.380000  0.069900  0.000000  
0.370000  0.069900  0.000000  
0.360000  0.069800  0.000000  
0.350000  0.069700  0.000000  
0.340000  0.069600  0.000000  
0.330000  0.069400  0.000000  
0.320000  0.069200  0.000000  
0.310000  0.068900  0.000000  
0.300000  0.068600  0.000000  
0.290000  0.068300  0.000000  
0.280000  0.067900  0.000000  
0.270000  0.067500  0.000000  
0.260000  0.067000  0.000000  
0.250000  0.066500  0.000000  
0.240000  0.066000  0.000000  
0.230000  0.065400  0.000000  
0.220000  0.064800  0.000000  
0.210000  0.064100  0.000000  
0.200000  0.063300  0.000000  
0.190000  0.062500  0.000000  
0.180000  0.061600  0.000000  
0.170000  0.060700  0.000000  
0.160000  0.059700  0.000000  
0.150000  0.058600  0.000000  
0.140000  0.057400  0.000000  
0.130000  0.056200  0.000000  
0.120000  0.054900  0.000000  
0.110000  0.053500  0.000000  
0.100000  0.051900  0.000000  
0.090000  0.050200  0.000000  
0.080000  0.048400  0.000000  
0.070000  0.046300  0.000000  
0.060000  0.044000  0.000000  
0.050000  0.041400  0.000000  
0.040000  0.038300  0.000000  
0.030000  0.034600  0.000000  
0.020000  0.029600  0.000000  
0.010000  0.022400  0.000000  
0.005000  0.016600  0.000000  
0.002000  0.010800  0.000000  
0.000000  0.000000  0.000000  
0.002000  -0.010800 0.000000  
0.005000  -0.016600 0.000000  
0.010000  -0.022400 0.000000  
0.020000  -0.029600 0.000000  
0.030000  -0.034500 0.000000  
0.040000  -0.038200 0.000000  
0.050000  -0.041300 0.000000  
0.060000  -0.043900 0.000000  
0.070000  -0.046200 0.000000  
0.080000  -0.048300 0.000000  
0.090000  -0.050100 0.000000  
0.100000  -0.051800 0.000000  
0.110000  -0.053400 0.000000  
0.120000  -0.054900 0.000000  
0.130000  -0.056200 0.000000  
0.140000  -0.057400 0.000000  
0.150000  -0.058600 0.000000  
0.160000  -0.059700 0.000000  
0.170000  -0.060700 0.000000  
0.180000  -0.061600 0.000000  
0.190000  -0.062500 0.000000  
0.200000  -0.063300 0.000000  
0.210000  -0.064100 0.000000  
0.220000  -0.064800 0.000000  
0.230000  -0.065500 0.000000  
0.240000  -0.066100 0.000000  
0.250000  -0.066700 0.000000  
0.260000  -0.067200 0.000000  
0.270000  -0.067700 0.000000  
0.280000  -0.068100 0.000000  
0.290000  -0.068500 0.000000  
0.300000  -0.068800 0.000000  
0.310000  -0.069100 0.000000  
0.320000  -0.069300 0.000000  
0.330000  -0.069500 0.000000  
0.340000  -0.069600 0.000000  
0.350000  -0.069700 0.000000  
0.360000  -0.069700 0.000000  
0.370000  -0.069700 0.000000  
0.380000  -0.069600 0.000000  
0.390000  -0.069500 0.000000  
0.400000  -0.069300 0.000000  
0.410000  -0.069100 0.000000  
0.420000  -0.068800 0.000000  
0.430000  -0.068500 0.000000  
0.440000  -0.068100 0.000000  
0.450000  -0.067700 0.000000  
0.460000  -0.067200 0.000000  
0.470000  -0.066700 0.000000  
0.480000  -0.066100 0.000000  
0.490000  -0.065400 0.000000  
0.500000  -0.064600 0.000000  
0.510000  -0.063700 0.000000  
0.520000  -0.062700 0.000000  
0.530000  -0.061600 0.000000  
0.540000  -0.060400 0.000000  
0.550000  -0.059100 0.000000  
0.560000  -0.057700 0.000000  
0.570000  -0.056200 0.000000  
0.580000  -0.054600 0.000000  
0.590000  -0.052900 0.000000  
0.600000  -0.051100 0.000000  
0.610000  -0.049200 0.000000  
0.620000  -0.047300 0.000000  
0.630000  -0.045300 0.000000  
0.640000  -0.043300 0.000000  
0.650000  -0.041200 0.000000  
0.660000  -0.039100 0.000000  
0.670000  -0.037000 0.000000  
0.680000  -0.034800 0.000000  
0.690000  -0.032600 0.000000  
0.700000  -0.030400 0.000000  
0.710000  -0.028200 0.000000  
0.720000  -0.026000 0.000000  
0.730000  -0.023800 0.000000  
0.740000  -0.021600 0.000000  
0.750000  -0.019400 0.000000  
0.760000  -0.017300 0.000000  
0.770000  -0.015200 0.000000  
0.780000  -0.013200 0.000000  
0.790000  -0.011300 0.000000  
0.800000  -0.009500 0.000000  
0.810000  -0.007600 0.000000  
0.820000  -0.006400 0.000000  
0.830000  -0.005000 0.000000  
0.840000  -0.003800 0.000000  
0.850000  -0.002800 0.000000  
0.860000  -0.002000 0.000000  
0.870000  -0.001400 0.000000  
0.880000  -0.001000 0.000000  
0.890000  -0.000800 0.000000  
0.900000  -0.000900 0.000000  
0.910000  -0.001200 0.000000  
0.920000  -0.001700 0.000000  
0.930000  -0.002500 0.000000  
0.940000  -0.003600 0.000000  
0.950000  -0.005000 0.000000  
0.960000  -0.006700 0.000000  
0.970000  -0.008700 0.000000  
0.980000  -0.011000 0.000000  
0.990000  -0.013600 0.000000  
1.000000  -0.016500 0.000000  
1.000000  -0.009500 0.100000  
0.990000  -0.006300 0.100000  
0.980000  -0.003200 0.100000  
0.970000  -0.000200 0.100000  
0.960000  0.002700  0.100000  
0.950000  0.005600  0.100000  
0.940000  0.008400  0.100000  
0.930000  0.011100  0.100000  
0.920000  0.013700  0.100000  
0.910000  0.016200  0.100000  
0.900000  0.018700  0.100000  
0.890000  0.021100  0.100000  
0.880000  0.023400  0.100000  
0.870000  0.025600  0.100000  
0.860000  0.027800  0.100000  
0.850000  0.029900  0.100000  
0.840000  0.031900  0.100000  
0.830000  0.033900  0.100000  
0.820000  0.035800  0.100000  
0.810000  0.037600  0.100000  
0.800000  0.039400  0.100000  
0.790000  0.041100  0.100000  
0.780000  0.042700  0.100000  
0.770000  0.044300  0.100000  
0.760000  0.045800  0.100000  
0.750000  0.047300  0.100000  
0.740000  0.048700  0.100000  
0.730000  0.050000  0.100000  
0.720000  0.051300  0.100000  
0.710000  0.052500  0.100000  
0.700000  0.053700  0.100000  
0.690000  0.054800  0.100000  
0.680000  0.055900  0.100000  
0.670000  0.056900  0.100000  
0.660000  0.057900  0.100000  
0.650000  0.058800  0.100000  
0.640000  0.059700  0.100000  
0.630000  0.060500  0.100000  
0.620000  0.061300  0.100000  
0.610000  0.062100  0.100000  
0.600000  0.062800  0.100000  
0.590000  0.063500  0.100000  
0.580000  0.064100  0.100000  
0.570000  0.064700  0.100000  
0.560000  0.065300  0.100000  
0.550000  0.065800  0.100000  
0.540000  0.066300  0.100000  
0.530000  0.066800  0.100000  
0.520000  0.067200  0.100000  
0.510000  0.067600  0.100000  
0.500000  0.068000  0.100000  
0.490000  0.068300  0.100000  
0.480000  0.068600  0.100000  
0.470000  0.068900  0.100000  
0.460000  0.069100  0.100000  
0.450000  0.069300  0.100000  
0.440000  0.069500  0.100000  
0.430000  0.069600  0.100000  
0.420000  0.069700  0.100000  
0.410000  0.069800  0.100000  
0.400000  0.069900  0.100000  
0.390000  0.069900  0.100000  
0.380000  0.069900  0.100000  
0.370000  0.069900  0.100000  
0.360000  0.069800  0.100000  
0.350000  0.069700  0.100000  
0.340000  0.069600  0.100000  
0.330000  0.069400  0.100000  
0.320000  0.069200  0.100000  
0.310000  0.068900  0.100000  
0.300000  0.068600  0.100000  
0.290000  0.068300  0.100000  
0.280000  0.067900  0.100000  
0.270000  0.067500  0.100000  
0.260000  0.067000  0.100000  
0.250000  0.066500  0.100000  
0.240000  0.066000  0.100000  
0.230000  0.065400  0.100000  
0.220000  0.064800  0.100000  
0.210000  0.064100  0.100000  
0.200000  0.063300  0.100000  
0.190000  0.062500  0.100000  
0.180000  0.061600  0.100000  
0.170000  0.060700  0.100000  
0.160000  0.059700  0.100000  
0.150000  0.058600  0.100000  
0.140000  0.057400  0.100000  
0.130000  0.056200  0.100000  
0.120000  0.054900  0.100000  
0.110000  0.053500  0.100000  
0.100000  0.051900  0.100000  
0.090000  0.050200  0.100000  
0.080000  0.048400  0.100000  
0.070000  0.046300  0.100000  
0.060000  0.044000  0.100000  
0.050000  0.041400  0.100000  
0.040000  0.038300  0.100000  
0.030000  0.034600  0.100000  
0.020000  0.029600  0.100000  
0.010000  0.022400  0.100000  
0.005000  0.016600  0.100000  
0.002000  0.010800  0.100000  
0.000000  0.000000  0.100000  
0.002000  -0.010800 0.100000  
0.005000  -0.016600 0.100000  
0.010000  -0.022400 0.100000  
0.020000  -0.029600 0.100000  
0.030000  -0.034500 0.100000  
0.040000  -0.038200 0.100000  
0.050000  -0.041300 0.100000  
0.060000  -0.043900 0.100000  
0.070000  -0.046200 0.100000  
0.080000  -0.048300 0.100000  
0.090000  -0.050100 0.100000  
0.100000  -0.051800 0.100000  
0.110000  -0.053400 0.100000  
0.120000  -0.054900 0.100000  
0.130000  -0.056200 0.100000  
0.140000  -0.057400 0.100000  
0.150000  -0.058600 0.100000  
0.160000  -0.059700 0.100000  
0.170000  -0.060700 0.100000  
0.180000  -0.061600 0.100000  
0.190000  -0.062500 0.100000  
0.200000  -0.063300 0.100000  
0.210000  -0.064100 0.100000  
0.220000  -0.064800 0.100000  
0.230000  -0.065500 0.100000  
0.240000  -0.066100 0.100000  
0.250000  -0.066700 0.100000  
0.260000  -0.067200 0.100000  
0.270000  -0.067700 0.100000  
0.280000  -0.068100 0.100000  
0.290000  -0.068500 0.100000  
0.300000  -0.068800 0.100000  
0.310000  -0.069100 0.100000  
0.320000  -0.069300 0.100000  
0.330000  -0.069500 0.100000  
0.340000  -0.069600 0.100000  
0.350000  -0.069700 0.100000  
0.360000  -0.069700 0.100000  
0.370000  -0.069700 0.100000  
0.380000  -0.069600 0.100000  
0.390000  -0.069500 0.100000  
0.400000  -0.069300 0.100000  
0.410000  -0.069100 0.100000  
0.420000  -0.068800 0.100000  
0.430000  -0.068500 0.100000  
0.440000  -0.068100 0.100000  
0.450000  -0.067700 0.100000  
0.460000  -0.067200 0.100000  
0.470000  -0.066700 0.100000  
0.480000  -0.066100 0.100000  
0.490000  -0.065400 0.100000  
0.500000  -0.064600 0.100000  
0.510000  -0.063700 0.100000  
0.520000  -0.062700 0.100000  
0.530000  -0.061600 0.100000  
0.540000  -0.060400 0.100000  
0.550000  -0.059100 0.100000  
0.560000  -0.057700 0.100000  
0.570000  -0.056200 0.100000  
0.580000  -0.054600 0.100000  
0.590000  -0.052900 0.100000  
0.600000  -0.051100 0.100000  
0.610000  -0.049200 0.100000  
0.620000  -0.047300 0.100000  
0.630000  -0.045300 0.100000  
0.640000  -0.043300 0.100000  
0.650000  -0.041200 0.100000  
0.660000  -0.039100 0.100000  
0.670000  -0.037000 0.100000  
0.680000  -0.034800 0.100000  
0.690000  -0.032600 0.100000  
0.700000  -0.030400 0.100000  
0.710000  -0.028200 0.100000  
0.720000  -0.026000 0.100000  
0.730000  -0.023800 0.100000  
0.740000  -0.021600 0.100000  
0.750000  -0.019400 0.100000  
0.760000  -0.017300 0.100000  
0.770000  -0.015200 0.100000  
0.780000  -0.013200 0.100000  
0.790000  -0.011300 0.100000  
0.800000  -0.009500 0.100000  
0.810000  -0.007600 0.100000  
0.820000  -0.006400 0.100000  
0.830000  -0.005000 0.100000  
0.840000  -0.003800 0.100000  
0.850000  -0.002800 0.100000  
0.860000  -0.002000 0.100000  
0.870000  -0.001400 0.100000  
0.880000  -0.001000 0.100000  
0.890000  -0.000800 0.100000  
0.900000  -0.000900 0.100000  
0.910000  -0.001200 0.100000  
0.920000  -0.001700 0.100000  
0.930000  -0.002500 0.100000  
0.940000  -0.003600 0.100000  
0.950000  -0.005000 0.100000  
0.960000  -0.006700 0.100000  
0.970000  -0.008700 0.100000  
0.980000  -0.011000 0.100000  
0.990000  -0.013600 0.100000  
1.000000  -0.016500 0.100000  
1.000000  -0.006600 0.200000  
0.990000  -0.003900 0.200000  
0.980000  -0.001300 0.200000  
0.970000  0.001300  0.200000  
0.960000  0.003800  0.200000  
0.950000  0.006200  0.200000  
0.940000  0.008600  0.200000  
0.930000  0.010900  0.200000  
0.920000  0.013200  0.200000  
0.910000  0.015400  0.200000  
0.900000  0.017600  0.200000  
0.890000  0.019700  0.200000  
0.880000  0.021800  0.200000  
0.870000  0.023800  0.200000  
0.860000  0.025800  0.200000  
0.850000  0.027800  0.200000  
0.840000  0.029700  0.200000  
0.830000  0.031600  0.200000  
0.820000  0.033400  0.200000  
0.810000  0.035200  0.200000  
0.800000  0.037000  0.200000  
0.790000  0.038700  0.200000  
0.780000  0.040400  0.200000  
0.770000  0.042000  0.200000  
0.760000  0.043600  0.200000  
0.750000  0.045100  0.200000  
0.740000  0.046600  0.200000  
0.730000  0.048100  0.200000  
0.720000  0.049500  0.200000  
0.710000  0.050900  0.200000  
0.700000  0.052200  0.200000  
0.690000  0.053500  0.200000  
0.680000  0.054700  0.200000  
0.670000  0.055900  0.200000  
0.660000  0.057000  0.200000  
0.650000  0.058100  0.200000  
0.640000  0.059100  0.200000  
0.630000  0.060100  0.200000  
0.620000  0.061000  0.200000  
0.610000  0.061800  0.200000  
0.600000  0.062600  0.200000  
0.590000  0.063300  0.200000  
0.580000  0.064000  0.200000  
0.570000  0.064700  0.200000  
0.560000  0.065300  0.200000  
0.550000  0.065900  0.200000  
0.540000  0.066400  0.200000  
0.530000  0.066900  0.200000  
0.520000  0.067300  0.200000  
0.510000  0.067700  0.200000  
0.500000  0.068100  0.200000  
0.490000  0.068400  0.200000  
0.480000  0.068700  0.200000  
0.470000  0.069000  0.200000  
0.460000  0.069200  0.200000  
0.450000  0.069400  0.200000  
0.440000  0.069600  0.200000  
0.430000  0.069800  0.200000  
0.420000  0.069900  0.200000  
0.410000  0.070000  0.200000  
0.400000  0.070100  0.200000  
0.390000  0.070100  0.200000  
0.380000  0.070100  0.200000  
0.370000  0.070100  0.200000  
0.360000  0.070000  0.200000  
0.350000  0.069900  0.200000  
0.340000  0.069800  0.200000  
0.330000  0.069600  0.200000  
0.320000  0.069400  0.200000  
0.310000  0.069200  0.200000  
0.300000  0.068900  0.200000  
0.290000  0.068600  0.200000  
0.280000  0.068200  0.200000  
0.270000  0.067800  0.200000  
0.260000  0.067300  0.200000  
0.250000  0.066800  0.200000  
0.240000  0.066300  0.200000  
0.230000  0.065700  0.200000  
0.220000  0.065100  0.200000  
0.210000  0.064400  0.200000  
0.200000  0.063700  0.200000  
0.190000  0.062900  0.200000  
0.180000  0.062100  0.200000  
0.170000  0.061200  0.200000  
0.160000  0.060200  0.200000  
0.150000  0.059100  0.200000  
0.140000  0.058000  0.200000  
0.130000  0.056800  0.200000  
0.120000  0.055500  0.200000  
0.110000  0.054100  0.200000  
0.100000  0.052500  0.200000  
0.090000  0.050800  0.200000  
0.080000  0.048900  0.200000  
0.070000  0.046800  0.200000  
0.060000  0.044500  0.200000  
0.050000  0.041800  0.200000  
0.040000  0.038700  0.200000  
0.030000  0.034900  0.200000  
0.020000  0.029800  0.200000  
0.010000  0.022500  0.200000  
0.005000  0.016600  0.200000  
0.002000  0.010800  0.200000  
0.000000  0.000000  0.200000  
0.002000  -0.010800 0.200000  
0.005000  -0.016600 0.200000  
0.010000  -0.022500 0.200000  
0.020000  -0.028900 0.200000  
0.030000  -0.034900 0.200000  
0.040000  -0.038800 0.200000  
0.050000  -0.041900 0.200000  
0.060000  -0.044600 0.200000  
0.070000  -0.046900 0.200000  
0.080000  -0.049000 0.200000  
0.090000  -0.050900 0.200000  
0.100000  -0.052600 0.200000  
0.110000  -0.054200 0.200000  
0.120000  -0.055700 0.200000  
0.130000  -0.057000 0.200000  
0.140000  -0.058200 0.200000  
0.150000  -0.059400 0.200000  
0.160000  -0.060500 0.200000  
0.170000  -0.061500 0.200000  
0.180000  -0.062400 0.200000  
0.190000  -0.063300 0.200000  
0.200000  -0.064100 0.200000  
0.210000  -0.064800 0.200000  
0.220000  -0.065500 0.200000  
0.230000  -0.066100 0.200000  
0.240000  -0.066700 0.200000  
0.250000  -0.067200 0.200000  
0.260000  -0.067700 0.200000  
0.270000  -0.068100 0.200000  
0.280000  -0.068500 0.200000  
0.290000  -0.068800 0.200000  
0.300000  -0.069100 0.200000  
0.310000  -0.069300 0.200000  
0.320000  -0.069500 0.200000  
0.330000  -0.069700 0.200000  
0.340000  -0.069800 0.200000  
0.350000  -0.069900 0.200000  
0.360000  -0.069900 0.200000  
0.370000  -0.069800 0.200000  
0.380000  -0.069700 0.200000  
0.390000  -0.069600 0.200000  
0.400000  -0.069400 0.200000  
0.410000  -0.069200 0.200000  
0.420000  -0.068900 0.200000  
0.430000  -0.068600 0.200000  
0.440000  -0.068200 0.200000  
0.450000  -0.067700 0.200000  
0.460000  -0.067200 0.200000  
0.470000  -0.066600 0.200000  
0.480000  -0.065900 0.200000  
0.490000  -0.065100 0.200000  
0.500000  -0.064200 0.200000  
0.510000  -0.063200 0.200000  
0.520000  -0.062200 0.200000  
0.530000  -0.061100 0.200000  
0.540000  -0.059900 0.200000  
0.550000  -0.058600 0.200000  
0.560000  -0.057200 0.200000  
0.570000  -0.055700 0.200000  
0.580000  -0.054100 0.200000  
0.590000  -0.052500 0.200000  
0.600000  -0.050800 0.200000  
0.610000  -0.049100 0.200000  
0.620000  -0.047300 0.200000  
0.630000  -0.045500 0.200000  
0.640000  -0.043600 0.200000  
0.650000  -0.041700 0.200000  
0.660000  -0.039700 0.200000  
0.670000  -0.037700 0.200000  
0.680000  -0.035600 0.200000  
0.690000  -0.033600 0.200000  
0.700000  -0.031500 0.200000  
0.710000  -0.029400 0.200000  
0.720000  -0.027400 0.200000  
0.730000  -0.025300 0.200000  
0.740000  -0.023300 0.200000  
0.750000  -0.021300 0.200000  
0.760000  -0.019300 0.200000  
0.770000  -0.017400 0.200000  
0.780000  -0.015500 0.200000  
0.790000  -0.013700 0.200000  
0.800000  -0.011900 0.200000  
0.810000  -0.010200 0.200000  
0.820000  -0.008600 0.200000  
0.830000  -0.007200 0.200000  
0.840000  -0.005900 0.200000  
0.850000  -0.004700 0.200000  
0.860000  -0.003700 0.200000  
0.870000  -0.002900 0.200000  
0.880000  -0.002300 0.200000  
0.890000  -0.001900 0.200000  
0.900000  -0.001700 0.200000  
0.910000  -0.001700 0.200000  
0.920000  -0.001900 0.200000  
0.930000  -0.002400 0.200000  
0.940000  -0.003100 0.200000  
0.950000  -0.004100 0.200000  
0.960000  -0.005400 0.200000  
0.970000  -0.006900 0.200000  
0.980000  -0.008700 0.200000  
0.990000  -0.010800 0.200000  
1.000000  -0.013200 0.200000  
1.000000  -0.006600 0.300000  
0.990000  -0.003900 0.300000  
0.980000  -0.001300 0.300000  
0.970000  0.001300  0.300000  
0.960000  0.003800  0.300000  
0.950000  0.006200  0.300000  
0.940000  0.008600  0.300000  
0.930000  0.010900  0.300000  
0.920000  0.013200  0.300000  
0.910000  0.015400  0.300000  
0.900000  0.017600  0.300000  
0.890000  0.019700  0.300000  
0.880000  0.021800  0.300000  
0.870000  0.023800  0.300000  
0.860000  0.025800  0.300000  
0.850000  0.027800  0.300000  
0.840000  0.029700  0.300000  
0.830000  0.031600  0.300000  
0.820000  0.033400  0.300000  
0.810000  0.035200  0.300000  
0.800000  0.037000  0.300000  
0.790000  0.038700  0.300000  
0.780000  0.040400  0.300000  
0.770000  0.042000  0.300000  
0.760000  0.043600  0.300000  
0.750000  0.045100  0.300000  
0.740000  0.046600  0.300000  
0.730000  0.048100  0.300000  
0.720000  0.049500  0.300000  
0.710000  0.050900  0.300000  
0.700000  0.052200  0.300000  
0.690000  0.053500  0.300000  
0.680000  0.054700  0.300000  
0.670000  0.055900  0.300000  
0.660000  0.057000  0.300000  
0.650000  0.058100  0.300000  
0.640000  0.059100  0.300000  
0.630000  0.060100  0.300000  
0.620000  0.061000  0.300000  
0.610000  0.061800  0.300000  
0.600000  0.062600  0.300000  
0.590000  0.063300  0.300000  
0.580000  0.064000  0.300000  
0.570000  0.064700  0.300000  
0.560000  0.065300  0.300000  
0.550000  0.065900  0.300000  
0.540000  0.066400  0.300000  
0.530000  0.066900  0.300000  
0.520000  0.067300  0.300000  
0.510000  0.067700  0.300000  
0.500000  0.068100  0.300000  
0.490000  0.068400  0.300000  
0.480000  0.068700  0.300000  
0.470000  0.069000  0.300000  
0.460000  0.069200  0.300000  
0.450000  0.069400  0.300000  
0.440000  0.069600  0.300000  
0.430000  0.069800  0.300000  
0.420000  0.069900  0.300000  
0.410000  0.070000  0.300000  
0.400000  0.070100  0.300000  
0.390000  0.070100  0.300000  
0.380000  0.070100  0.300000  
0.370000  0.070100  0.300000  
0.360000  0.070000  0.300000  
0.350000  0.069900  0.300000  
0.340000  0.069800  0.300000  
0.330000  0.069600  0.300000  
0.320000  0.069400  0.300000  
0.310000  0.069200  0.300000  
0.300000  0.068900  0.300000  
0.290000  0.068600  0.300000  
0.280000  0.068200  0.300000  
0.270000  0.067800  0.300000  
0.260000  0.067300  0.300000  
0.250000  0.066800  0.300000  
0.240000  0.066300  0.300000  
0.230000  0.065700  0.300000  
0.220000  0.065100  0.300000  
0.210000  0.064400  0.300000  
0.200000  0.063700  0.300000  
0.190000  0.062900  0.300000  
0.180000  0.062100  0.300000  
0.170000  0.061200  0.300000  
0.160000  0.060200  0.300000  
0.150000  0.059100  0.300000  
0.140000  0.058000  0.300000  
0.130000  0.056800  0.300000  
0.120000  0.055500  0.300000  
0.110000  0.054100  0.300000  
0.100000  0.052500  0.300000  
0.090000  0.050800  0.300000  
0.080000  0.048900  0.300000  
0.070000  0.046800  0.300000  
0.060000  0.044500  0.300000  
0.050000  0.041800  0.300000  
0.040000  0.038700  0.300000  
0.030000  0.034900  0.300000  
0.020000  0.029800  0.300000  
0.010000  0.022500  0.300000  
0.005000  0.016600  0.300000  
0.002000  0.010800  0.300000  
0.000000  0.000000  0.300000  
0.002000  -0.010800 0.300000  
0.005000  -0.016600 0.300000  
0.010000  -0.022500 0.300000  
0.020000  -0.028900 0.300000  
0.030000  -0.034900 0.300000  
0.040000  -0.038800 0.300000  
0.050000  -0.041900 0.300000  
0.060000  -0.044600 0.300000  
0.070000  -0.046900 0.300000  
0.080000  -0.049000 0.300000  
0.090000  -0.050900 0.300000  
0.100000  -0.052600 0.300000  
0.110000  -0.054200 0.300000  
0.120000  -0.055700 0.300000  
0.130000  -0.057000 0.300000  
0.140000  -0.058200 0.300000  
0.150000  -0.059400 0.300000  
0.160000  -0.060500 0.300000  
0.170000  -0.061500 0.300000  
0.180000  -0.062400 0.300000  
0.190000  -0.063300 0.300000  
0.200000  -0.064100 0.300000  
0.210000  -0.064800 0.300000  
0.220000  -0.065500 0.300000  
0.230000  -0.066100 0.300000  
0.240000  -0.066700 0.300000  
0.250000  -0.067200 0.300000  
0.260000  -0.067700 0.300000  
0.270000  -0.068100 0.300000  
0.280000  -0.068500 0.300000  
0.290000  -0.068800 0.300000  
0.300000  -0.069100 0.300000  
0.310000  -0.069300 0.300000  
0.320000  -0.069500 0.300000  
0.330000  -0.069700 0.300000  
0.340000  -0.069800 0.300000  
0.350000  -0.069900 0.300000  
0.360000  -0.069900 0.300000  
0.370000  -0.069800 0.300000  
0.380000  -0.069700 0.300000  
0.390000  -0.069600 0.300000  
0.400000  -0.069400 0.300000  
0.410000  -0.069200 0.300000  
0.420000  -0.068900 0.300000  
0.430000  -0.068600 0.300000  
0.440000  -0.068200 0.300000  
0.450000  -0.067700 0.300000  
0.460000  -0.067200 0.300000  
0.470000  -0.066600 0.300000  
0.480000  -0.065900 0.300000  
0.490000  -0.065100 0.300000  
0.500000  -0.064200 0.300000  
0.510000  -0.063200 0.300000  
0.520000  -0.062200 0.300000  
0.530000  -0.061100 0.300000  
0.540000  -0.059900 0.300000  
0.550000  -0.058600 0.300000  
0.560000  -0.057200 0.300000  
0.570000  -0.055700 0.300000  
0.580000  -0.054100 0.300000  
0.590000  -0.052500 0.300000  
0.600000  -0.050800 0.300000  
0.610000  -0.049100 0.300000  
0.620000  -0.047300 0.300000  
0.630000  -0.045500 0.300000  
0.640000  -0.043600 0.300000  
0.650000  -0.041700 0.300000  
0.660000  -0.039700 0.300000  
0.670000  -0.037700 0.300000  
0.680000  -0.035600 0.300000  
0.690000  -0.033600 0.300000  
0.700000  -0.031500 0.300000  
0.710000  -0.029400 0.300000  
0.720000  -0.027400 0.300000  
0.730000  -0.025300 0.300000  
0.740000  -0.023300 0.300000  
0.750000  -0.021300 0.300000  
0.760000  -0.019300 0.300000  
0.770000  -0.017400 0.300000  
0.780000  -0.015500 0.300000  
0.790000  -0.013700 0.300000  
0.800000  -0.011900 0.300000  
0.810000  -0.010200 0.300000  
0.820000  -0.008600 0.300000  
0.830000  -0.007200 0.300000  
0.840000  -0.005900 0.300000  
0.850000  -0.004700 0.300000  
0.860000  -0.003700 0.300000  
0.870000  -0.002900 0.300000  
0.880000  -0.002300 0.300000  
0.890000  -0.001900 0.300000  
0.900000  -0.001700 0.300000  
0.910000  -0.001700 0.300000  
0.920000  -0.001900 0.300000  
0.930000  -0.002400 0.300000  
0.940000  -0.003100 0.300000  
0.950000  -0.004100 0.300000  
0.960000  -0.005400 0.300000  
0.970000  -0.006900 0.300000  
0.980000  -0.008700 0.300000  
0.990000  -0.010800 0.300000  
1.000000  -0.013200 0.300000  
1.000000  -0.011700 0.400000  
0.990000  -0.008800 0.400000  
0.980000  -0.006000 0.400000  
0.970000  -0.003300 0.400000  
0.960000  -0.000700 0.400000  
0.950000  0.001800  0.400000  
0.940000  0.004200  0.400000  
0.930000  0.006500  0.400000  
0.920000  0.008800  0.400000  
0.910000  0.011000  0.400000  
0.900000  0.013100  0.400000  
0.890000  0.015200  0.400000  
0.880000  0.017200  0.400000  
0.870000  0.019200  0.400000  
0.860000  0.021100  0.400000  
0.850000  0.023000  0.400000  
0.840000  0.024800  0.400000  
0.830000  0.026600  0.400000  
0.820000  0.028300  0.400000  
0.810000  0.030000  0.400000  
0.800000  0.031600  0.400000  
0.790000  0.033200  0.400000  
0.780000  0.034700  0.400000  
0.770000  0.036200  0.400000  
0.760000  0.037600  0.400000  
0.750000  0.039000  0.400000  
0.740000  0.040300  0.400000  
0.730000  0.041600  0.400000  
0.720000  0.042800  0.400000  
0.710000  0.044000  0.400000  
0.700000  0.045100  0.400000  
0.690000  0.046200  0.400000  
0.680000  0.047200  0.400000  
0.670000  0.048200  0.400000  
0.660000  0.049100  0.400000  
0.650000  0.050000  0.400000  
0.640000  0.050800  0.400000  
0.630000  0.051600  0.400000  
0.620000  0.052300  0.400000  
0.610000  0.053000  0.400000  
0.600000  0.053700  0.400000  
0.590000  0.054300  0.400000  
0.580000  0.054900  0.400000  
0.570000  0.055400  0.400000  
0.560000  0.055900  0.400000  
0.550000  0.056400  0.400000  
0.540000  0.056900  0.400000  
0.530000  0.057300  0.400000  
0.520000  0.057700  0.400000  
0.510000  0.058100  0.400000  
0.500000  0.058400  0.400000  
0.490000  0.058700  0.400000  
0.480000  0.059000  0.400000  
0.470000  0.059200  0.400000  
0.460000  0.059400  0.400000  
0.450000  0.059600  0.400000  
0.440000  0.059800  0.400000  
0.430000  0.059900  0.400000  
0.420000  0.060000  0.400000  
0.410000  0.060100  0.400000  
0.400000  0.060100  0.400000  
0.390000  0.060100  0.400000  
0.380000  0.060100  0.400000  
0.370000  0.060100  0.400000  
0.360000  0.060000  0.400000  
0.350000  0.059900  0.400000  
0.340000  0.059800  0.400000  
0.330000  0.059600  0.400000  
0.320000  0.059400  0.400000  
0.310000  0.059200  0.400000  
0.300000  0.059000  0.400000  
0.290000  0.058700  0.400000  
0.280000  0.058400  0.400000  
0.270000  0.058000  0.400000  
0.260000  0.057600  0.400000  
0.250000  0.057200  0.400000  
0.240000  0.056700  0.400000  
0.230000  0.056200  0.400000  
0.220000  0.055700  0.400000  
0.210000  0.055100  0.400000  
0.200000  0.054400  0.400000  
0.190000  0.053700  0.400000  
0.180000  0.053000  0.400000  
0.170000  0.052200  0.400000  
0.160000  0.051300  0.400000  
0.150000  0.050400  0.400000  
0.140000  0.049400  0.400000  
0.130000  0.048300  0.400000  
0.120000  0.047100  0.400000  
0.110000  0.045900  0.400000  
0.100000  0.044600  0.400000  
0.090000  0.043100  0.400000  
0.080000  0.041500  0.400000  
0.070000  0.039700  0.400000  
0.060000  0.037700  0.400000  
0.050000  0.035400  0.400000  
0.040000  0.032700  0.400000  
0.030000  0.029400  0.400000  
0.020000  0.025200  0.400000  
0.010000  0.019000  0.400000  
0.005000  0.014100  0.400000  
0.002000  0.009200  0.400000  
0.000000  0.000000  0.400000  
0.002000  -0.009200 0.400000  
0.005000  -0.014100 0.400000  
0.010000  -0.019000 0.400000  
0.020000  -0.025200 0.400000  
0.030000  -0.029400 0.400000  
0.040000  -0.032700 0.400000  
0.050000  -0.035300 0.400000  
0.060000  -0.037600 0.400000  
0.070000  -0.039600 0.400000  
0.080000  -0.041400 0.400000  
0.090000  -0.043000 0.400000  
0.100000  -0.044500 0.400000  
0.110000  -0.045900 0.400000  
0.120000  -0.047200 0.400000  
0.130000  -0.048400 0.400000  
0.140000  -0.049500 0.400000  
0.150000  -0.050500 0.400000  
0.160000  -0.051400 0.400000  
0.170000  -0.052300 0.400000  
0.180000  -0.053100 0.400000  
0.190000  -0.053900 0.400000  
0.200000  -0.054600 0.400000  
0.210000  -0.055300 0.400000  
0.220000  -0.055900 0.400000  
0.230000  -0.056400 0.400000  
0.240000  -0.056900 0.400000  
0.250000  -0.057400 0.400000  
0.260000  -0.057800 0.400000  
0.270000  -0.058200 0.400000  
0.280000  -0.058500 0.400000  
0.290000  -0.058800 0.400000  
0.300000  -0.059100 0.400000  
0.310000  -0.059300 0.400000  
0.320000  -0.059500 0.400000  
0.330000  -0.059600 0.400000  
0.340000  -0.059700 0.400000  
0.350000  -0.059800 0.400000  
0.360000  -0.059800 0.400000  
0.370000  -0.059800 0.400000  
0.380000  -0.059800 0.400000  
0.390000  -0.059700 0.400000  
0.400000  -0.059600 0.400000  
0.410000  -0.059400 0.400000  
0.420000  -0.059200 0.400000  
0.430000  -0.058900 0.400000  
0.440000  -0.058600 0.400000  
0.450000  -0.058200 0.400000  
0.460000  -0.057800 0.400000  
0.470000  -0.057300 0.400000  
0.480000  -0.056700 0.400000  
0.490000  -0.056100 0.400000  
0.500000  -0.055400 0.400000  
0.510000  -0.054600 0.400000  
0.520000  -0.053700 0.400000  
0.530000  -0.052800 0.400000  
0.540000  -0.051800 0.400000  
0.550000  -0.050800 0.400000  
0.560000  -0.049600 0.400000  
0.570000  -0.048400 0.400000  
0.580000  -0.047100 0.400000  
0.590000  -0.045700 0.400000  
0.600000  -0.044300 0.400000  
0.610000  -0.042900 0.400000  
0.620000  -0.041400 0.400000  
0.630000  -0.039800 0.400000  
0.640000  -0.038200 0.400000  
0.650000  -0.036600 0.400000  
0.660000  -0.034900 0.400000  
0.670000  -0.033200 0.400000  
0.680000  -0.031500 0.400000  
0.690000  -0.029800 0.400000  
0.700000  -0.028000 0.400000  
0.710000  -0.026200 0.400000  
0.720000  -0.024400 0.400000  
0.730000  -0.022600 0.400000  
0.740000  -0.020800 0.400000  
0.750000  -0.019100 0.400000  
0.760000  -0.017400 0.400000  
0.770000  -0.015700 0.400000  
0.780000  -0.014100 0.400000  
0.790000  -0.012500 0.400000  
0.800000  -0.011000 0.400000  
0.810000  -0.009500 0.400000  
0.820000  -0.008200 0.400000  
0.830000  -0.007000 0.400000  
0.840000  -0.005900 0.400000  
0.850000  -0.005000 0.400000  
0.860000  -0.004300 0.400000  
0.870000  -0.003800 0.400000  
0.880000  -0.003500 0.400000  
0.890000  -0.003300 0.400000  
0.900000  -0.003400 0.400000  
0.910000  -0.003600 0.400000  
0.920000  -0.004100 0.400000  
0.930000  -0.004900 0.400000  
0.940000  -0.005900 0.400000  
0.950000  -0.007200 0.400000  
0.960000  -0.008700 0.400000  
0.970000  -0.010500 0.400000  
0.980000  -0.012600 0.400000  
0.990000  -0.015000 0.400000  
1.000000  -0.017700 0.400000  
